-0.8918977406912058
-0.9811062544739899
-0.8329899443408392
-1.3122554691551909
-1.1438001289937278
-0.11545129202969982
-0.08441924294166184
0.7561333352710168
0.15283687915261887
0.047502945668464955
0.572340348876913
0.539806912571597
-0.10136942007594366
-0.5765965546342015
0.10019392439240274
-1.4982835508604635
-0.683766191223756
1.089457510128202
-0.8377697287035568
1.478482167484945
2.189161238893144
1.0687005851314326
-0.6488287463023963
1.0430220623910746
-0.6775537298681612
0.954173360201727
-0.008233849391423558
1.3441517276470016
1.4433903329700988
0.1079822074027952
-0.4231797881858891
0.963363440068194
1.115378640193979
-0.062398610019978
-1.3552392476797255
-0.32231176060373706
-1.4272979757364666
0.5649694369029475
0.31367678795627274
-0.16016605036584797
-0.2756668300564142
-0.19305761702675012
0.0032425115846802075
1.0216202220265251
0.014257852303542637
1.05030421048596
-0.12860239770914514
-1.7304194849075083
-1.7216264335401608
-1.60305483636816
0.8995085063030239
-0.5563694044164684
-1.3515596210588054
0.3755146723299522
1.0094512698863733
0.465570979273057
0.37896528496514625
0.1841182180972068
-1.4376316566367295
-1.4516841896521369
0.5042417475774472
-1.2844375017992817
-0.11936348298935393
-0.4974524193305424
-0.2043716103491148
-0.1524048650264926
-1.479054985052592
-1.848792152209604
-0.373371439349094
0.6464137499832565
0.6167353591845938
0.3724828598515318
-1.3346799198772632
-1.2462183752144946
-0.7226627169667151
-0.04526073820912837
1.1584721173199728
1.1254560197518768
-0.0034187383465350235
1.1234558931842686
-0.7564502729776614
0.48340308212322497
-0.726235997566185
0.7230255609276117
-0.7378627117741898
-1.2187613805748854
-1.1847531922468437
-1.551286131551447
1.222400955818294
1.1049712194798424
-0.49538389124099547
0.5394257616877167
0.6111191927143789
0.7701466105217072
0.8229469323875548
0.00862678838598499
-1.124510423211143
0.7546437655879826
-0.9649378127053567
-1.556577520644824
-0.16347549928427915
-0.8782935754634604
1.216557740603928
0.6895383381449995
-1.2950188828676492
-0.6529123537417095
-0.22483755333892633
0.9486357051272885
1.3654883727397333
1.7080265153526506
1.5568386999819652
0.45164330786088724
1.0822647565694785
0.31081327532805886
-0.4028291549387362
0.6878034585249665
0.6586898403871113
-0.446120657476132
0.19357506141463818
-1.0707289887083595
0.22012490532085932
-0.43378001114351555
0.2437464541195103
-0.5509602565417019
0.5179921232246036
0.8287220754597187
-0.8710928901506918
-1.5480559500455549
-2.014800018990764
0.2430712643821768
-0.40682644053973016
0.8935136331281841
1.9611706222726883
-0.7785377246580872
-1.1636570682679528
-0.5677314971013174
-0.17643007471992095
-0.25585888075285823
-0.03164078792752437
-0.9595171774770371
0.372275494843034
-0.8678765886697453
0.5993617793765291
-0.3963820440447737
-0.3939298143293412
1.3116303042833495
-0.5833476676588436
0.7744883137665426
1.701190201013277
-0.8355241612433194
-1.4322820361457207
-1.3072721195698298
0.02618645361992608
0.6888175837581317
1.3774488095870991
1.4397498814959138
-0.6543283588402092
0.5792454239290262
0.07519845103187822
0.17832042439725673
-0.12799296914256814
-0.5875296340505379
1.2572582922887503
0.26181970838469515
0.4731171850611266
1.3146337416042198
-0.003699763548454918
-1.1672721110697712
-1.4215026157125983
-0.6829979624718286
0.6136534836241067
0.44358212576743533
0.8219118114864911
1.0708322669604422
-1.1199982798183177
-0.10231496823974377
-1.2264929735204466
-1.0712240615275264
1.5256337596406873
1.493976227992111
-0.1685531594218622
-1.2000859374265824
-0.2502433965975515
-0.5103512615446784
0.44644776916751716
-0.4057117558993847
-1.4296266981088728
-1.7095668130590835
-1.7742425863394786
0.39019825013485665
2.0404457171777732
-0.4436092839230177
-0.49358568523548785
-0.31338701935197305
0.5385874676299242
1.6308640382816464
-0.7835015442743603
-1.447646161589404
0.19626988074696053
0.6391961783549631
1.0706180566522545
-0.7259018058885681
0.6002419027138757
-0.5911778716423738
-1.8531806085224591
-0.5749919214310871
1.2590287606304957
0.6830275151551223
-0.9618516896520374
-1.407962731230508
-1.6135934191579495
-0.14502160123768718
1.806125841334557
-0.6895993053591912
-1.0241004148606885
-0.1607069892121619
-0.27839356802182563
-0.8783914685009686
-0.6632547391711613
-0.2868911638853552
-0.16105899337539242
1.5593918396976287
1.8218020360715301
-0.42480775949893873
-1.01170539107709
-1.4867770992754172
0.42599092162832086
1.556857402033144
1.5163185187645154
0.4073386607498273
0.6772130098432451
0.23817138191331985
1.290687493732852
-0.9045890271609636
-0.77193826101888
1.2011084124319475
0.021910354340815896
1.467248272662276
0.46475159563001284
-1.436155030995124
0.8391977840612508
1.020659194800187
-0.9806529120946118
1.6428965079760536
-1.0054828291681353
-0.580693883166447
-1.0494124389824673
-1.4704802096076146
-1.3716379966030128
-1.60001177969652
-1.1284580629440188
1.1424736201776
0.49173638453304563
1.8980300063896103
-0.0018754347133922316
1.0491326349153842
-0.6925031017650887
0.928059308324058
-0.4534867626841079
0.3661875622689041
1.4064483250809428
0.26907218120202764
-1.3195513740051088
-0.8758532344156477
0.13424648115524312
-1.1828800090119183
0.26729285395650526
0.3744317227295702
-0.4914463887778665
-0.5970324120620395
0.010289564590463898
-0.9113689580818324
0.2760003916811931
0.6196811980002143
-0.1270319320516024
1.5279813564189053
0.17945356127072662
1.513250988465226
0.01663120630217181
-1.0610024747741578
0.9385220754784854
1.124685763809914
-1.0569605095847587
-1.6160578507739558
-0.17966350835098674
1.2188543793826536
1.3090767710915983
-0.6375374609643326
0.734705121043747
-0.577870527508489
-0.8294746685570693
0.3007796116605809
0.39485148944886034
-0.1449853009657207
-0.6724980194755431
0.19677161274429414
-0.06916038732255604
-0.8087909802639918
-1.3568159568191422
-1.5315891916930988
-1.0579071542164566
1.39205541389145
1.4174678892321566
2.148837795301456
1.8738976406064227
1.5176295095294798
1.4960333947012427
-0.33978406853147997
0.2188545876903708
-1.7738678790046105
-2.277080663220423
-0.04494714961114539
1.41195507590192
-0.17204549395267632
1.8650216881952586
1.955163276286294
1.846706876029237
0.8467480661255844
1.4555600662769022
0.9706985290911088
1.3451357735180722
0.930913908398393
-0.8651786352987948
1.01033129713934
0.3213178187616069
-1.27479938201756
-0.8559138709814262
-1.8318749244693937
-1.862791382585892
-0.8982282289369008
-1.1098558769589066
-0.17153398004081344
1.6577065113967113
-0.5254087364613707
-0.6263802375277079
1.0827294052220555
-1.2495864041015379
0.5513199538069457
1.4028106806948697
-1.2491516302742327
0.18208761694821238
1.5737634238447824
0.12552032050331974
0.737731133584358
-1.0581752239648672
-0.12922567393501752
0.2182091749461556
-0.0043832722409650375
-1.2571893484090833
-1.6468199784890882
-0.5078752549402253
-0.11721489244284038
1.305680780278228
0.8257613574796356
0.36143951476666947
1.344399724144207
-0.681499698502401
-0.4796871815489967
-1.7565276242161485
-0.6634223124260532
0.30934466500591995
-0.0323698278538435
-0.9523821665504763
-0.37815807565305376
-0.1312425513093992
-0.9718496707153605
0.2262848042830041
1.121500917706551
0.5684207432573496
0.7536965945138931
0.4876670780407616
-1.0714340593831373
0.5783426573487763
-0.5349786622782381
-1.0348240374228388
1.0245468019010417
1.084666001575758
1.7761831471786622
-0.22194277578512614
-0.20388825578199307
1.3163493913867146
-0.46455659654842835
0.8294577849641263
0.9889876449181363
1.635477784672941
1.1209677136718412
-0.9882826466625851
-0.8363403800676864
-1.1554220157053179
-0.17810584337247146
-0.4810058704675531
0.9692631712001686
0.9764070965953028
0.8146614040285622
1.3486370136826067
0.3011988162710238
-0.39816328493131947
-1.0432468970875737
-1.3539469837602212
0.5174366161449746
1.656704005258871
0.1048193154818437
-0.46111407740571075
0.5591606382239118
-0.2689255421872588
0.8059967057345567
1.9726981993564603
-0.12559671057680005
0.1609086880095155
-1.5841111773651355
-1.9564356189593488
-0.8672392520045579
-1.1041380633635776
-1.1020750282395682
1.3809179244792915
0.20180821167840374
-0.7645360015258612
-1.2010999794017603
-1.8325349052762847
0.8771721090599126
-0.08265499894740674
1.1230699994442883
-0.22529437043099182
0.196528810642142
-0.005680103667940767
1.162344489135884
-1.1118291940886473
0.9586276217755443
-0.12279793720095983
0.012367774281668537
0.6244046726983796
0.2478352796756421
-1.2432432085567044
0.9742260407186565
1.6719950434318842
-0.22347743559219568
-0.7867833469544704
0.9692586391469991
-0.7382218055515776
-1.1005734297848058
-1.4171177898610159
0.24293182356871637
-0.18010755469365827
-0.16970566317069502
0.9098633683661487
-1.0932658262273887
0.05504205100566999
0.5847599923018739
1.1191937044011868
2.080360839014059
0.07562544570898969
-1.3509936863740282
-1.7704698402999481
-1.4662841958643709
-0.9927054728305018
-0.807004596104299
-0.7930931446950714
0.4203605319594814
-0.1458923729039238
0.6931288809045008
-0.37432703138024737
-0.0020103612577442496
-0.85397568876866
-0.8152212007432742
-0.7363442698357353
-1.7127924337067275
-0.9127161101033076
0.8278116023430402
1.5756411957332104
0.8894226406924712
0.2420771558389946
-0.47805470004006817
0.6546197494712154
1.626285876336547
1.6896648613096668
0.5499959483907914
-0.8836214494369977
-2.039043334187493
-1.187325201158963
-0.032940347351984534
0.18592091027450924
0.26784886861982876
0.19572985210362953
0.47625588694934917
-0.9201887633191473
0.44415239914299265
0.7532319775627936
1.5085473615842584
2.204674368510474
0.8172149307284083
1.54848546524235
-0.3868599388793445
0.35191320176886537
0.1464533853190879
-1.4929755047035245
-1.738952060107944
-0.9587328776172206
-0.341936743597561
1.1323358289230328
2.117441105089886
