-0.10576329655176063
0.7572925450418285
0.40178305194863184
0.6997924139694076
0.04545178418157866
-1.121514659933737
-0.7555130026765432
-1.2480309356679995
-0.12664520971662127
-0.41809065792842026
-0.5587243070401198
0.015797691538889554
0.6563181522666703
-0.3718418073336611
-0.5856323294813124
0.07487072233150369
-1.1348878530807445
0.046020752783198504
0.6040199334861757
-0.3872468351771524
-0.5069493180956898
0.436395677899999
0.2916279468849504
-0.6726053010732905
-1.1040607055926863
-1.0123951236529811
-0.15364893934346327
0.3692201389339655
1.4577230002461994
2.210637278296579
1.6390311553120183
0.9283774482487004
-0.40343181161340697
-1.575264358530244
-2.0276568251251255
-1.4873616588945162
0.03703827566009196
1.0851579591309892
1.7934862059799512
2.342244317020498
1.7620387856921413
-0.2804908457783132
-1.7166068064404216
-1.4031183499484892
-1.5512262247566344
-1.631845467528922
-0.44603679570630445
-0.41516022596192054
0.5348140675186523
0.49049610480618056
0.30798511101529485
1.0582754149984919
0.09824123269240066
-0.3530907960605889
-0.8421791539346528
-1.7928392988555193
-1.900161436676396
0.16900962821450471
-0.4071266164820358
-0.07233356027999817
1.337067160488345
-0.3977755080534544
0.6136778396860623
0.811072412342176
0.6062324751711216
0.28550662357759543
-0.9528620438283115
-1.055330141071084
-1.4411039355173687
-0.7634832178877851
0.0712979706279483
0.8268239623773657
0.728730404333807
1.724950322318906
1.5497839779414773
1.2286235557675396
-0.5257166936998255
-0.9359781386968054
-0.5926015792442937
-0.0659414649177018
0.5908393255281468
-0.06808573337829542
0.10293862471896434
0.10801165810807285
0.6895883232459717
0.4938691330618413
-0.4593493992590508
0.6539522620567638
0.9624803818501521
-0.5812659154617856
0.3149361298809524
-1.0427222837167163
-1.2850790278048736
-0.026557790867963015
-0.8480577637220347
0.9237197511279516
0.22180020654612645
0.5019589593996001
-0.04665034969004677
-0.7051284621060686
-1.411050612657497
-0.8550786702809795
0.3899785597220103
1.31112333930884
1.7786005658790347
1.7216495916602559
0.029740314173213125
-1.495704860815589
-1.7781801535875936
-1.9912292328109507
-0.26543145090578973
1.4153048235757277
2.4908072624707813
1.5995648051630644
0.9146257327807704
-0.3985171362478276
-0.8626509556484567
-1.0908477971803952
-0.20330139283052903
1.0418607365004195
1.2659536457828715
2.0844882055668488
0.5149771460051944
-0.3763881659057887
-0.7563390933542712
-1.6206532567430498
-1.5470776909454458
-0.34475183208972543
-0.6930575580469827
0.06229991344370046
1.2934957656919477
0.5831255161627521
0.10927183185613455
0.6860978563273537
0.6646736479426688
-0.6785686516714242
0.1908982651568277
-0.29621710096435333
0.057629905566704574
1.2255801682174625
0.814274132612746
0.3238233104466466
0.9154994347134362
0.5850934312014143
-0.9647514576326296
-0.43581817514714216
-1.3305171964255749
0.0021798531473488907
-0.23731997760573909
0.03611595491918628
0.981048217824001
0.8583564692732043
0.4664271567013567
0.1444294260837621
-0.3856576645975768
-0.272903084209012
0.31241902636042446
0.9230539747897537
0.6074094801101027
0.6201307738347467
-0.2698511474654596
-1.4999166812592242
-0.3539599578580829
-0.11936602915479533
0.7102860655016382
1.796926274925277
0.4721989914585153
1.1115340330664059
-0.3035091942824344
-0.4124518710277253
0.3032876299956615
0.3047788481607451
-0.074089851477293
0.3790820997129889
0.5394495289471649
-0.24094737360771357
-0.4576182973000815
-0.8767224548665917
-1.1879332636100217
-1.3076179496707065
-0.8867724777942425
0.6223191434445446
1.8507747546731046
2.3228781359254644
0.6771464441429699
1.0015864219696322
0.13532112165012422
-0.9200637980014881
-1.7323913497406354
-1.8537860513654238
-0.6752126293649674
0.03453078849859777
0.2652594985346694
1.730941944976357
0.677823424292064
-0.16940924906847127
0.2613274730249286
-1.1624936983074872
-0.4885924116787743
-0.36804519285827253
-0.008529785058623956
0.20435063242569165
1.0964378826281782
0.15079218724806492
-0.9051307148701272
0.12019082101174935
-0.4057197295350133
-1.2092000542005719
-0.5125095781190199
-0.5386094878161743
-1.059222555301873
0.7309291765463642
0.9431457979617027
0.2260315525892592
0.03095409359896466
-0.1799003496413275
0.11344709911349639
0.2399488921824262
0.6769909324074228
0.5298947810739878
0.6001817400480353
0.9899526117876377
-0.6691725915004185
-0.7708041758326414
0.056115203519762666
-0.037505669158181314
1.1423936703175428
1.7286240447579526
1.5581104806250046
1.2390940103133758
-0.27063952542893727
-0.8516008455606492
-1.611111481230809
-0.9241058201541562
-1.0269640466127359
-0.8924508825818734
-0.34547737758617125
0.8578911820634357
0.3147761571649864
1.4987115120622572
0.10414605978980636
-0.29996677058893795
0.24132873027100102
-0.47196754142603486
-1.0527842351156225
0.06414917091906536
-0.4102404464646244
0.00855065440424227
1.4006706757338199
-0.36456749247630177
-0.15502855147570413
-0.5687211072783301
-0.45377956483323867
0.5714574567325303
0.8861780912837298
1.2164580671012615
1.5524512897661074
-0.4318903151621199
-1.1528958812589911
-2.166740093389568
-2.648023713329403
-0.8733134743293909
1.0394815246963938
2.496689392218247
2.8874109757682587
1.7221036508910696
-0.3586128656485264
-1.3366327861659812
-1.3802259319741537
-2.507305787468013
-0.6407967890958316
1.15140254514714
1.9174708929201247
1.811718957301618
1.1318169173250698
0.7406984915044826
-0.9737350127007443
-0.42992898087743303
-1.2441331826630893
-1.8789946038313372
0.26941318836186606
0.798412207742731
1.6636598573280055
2.5416340158092527
0.8815738477771479
-0.7345850794460682
-2.107470729338588
-2.2411824326319176
-1.6026530512048587
-1.1034114956855652
1.1279468364414722
1.5430764222393043
1.2311742750327506
1.1950160360166726
-0.07510769493753262
-0.08879288916336024
-0.31315107342866366
-0.43081548467522257
-0.6694157495845827
0.2019835979784806
-0.1498491214497832
0.5959082672983581
0.7665600399394764
1.0944053351366398
-0.2758874785793577
-0.818332247413515
-1.1365956768174803
-1.282854055181019
-0.6940996143176928
-0.7629034041491958
-0.53078049561237
0.0799642485046408
1.2336046418274005
1.088889424686355
1.2123679861384768
-0.02607970072585914
0.15833209568389012
-1.3068231964761463
-2.1306380333587205
-1.1307630619014968
-1.513007827948065
-0.9945096453645402
-0.2058867467042941
1.0193194846505316
1.4953535128959923
0.7232321071244303
0.8559789098074259
0.03524480025110014
-0.67406424222562
-1.4357190754935647
-0.6676804128330647
-1.1883103490837639
0.6608357650390586
0.9249873999678644
0.4088094920762293
1.7819599625188807
0.3330292753548123
0.17292553911206773
-0.8810959512677512
-1.6176415559305761
-0.589912150345503
-0.9845443403554895
0.8038608538020385
0.8657839418256734
0.45052391496405836
0.6957919143960976
0.32933370945197316
-1.0039100541438406
-0.747189900794728
-1.0369365596470346
-0.270046784216959
0.10229293648175333
0.6665992317414798
0.1743070300191786
0.0639615385127656
-0.4556699843672454
-0.09120903928851613
0.5996572240018948
0.0905646945227056
0.43728471860821894
-0.5112455834545794
-0.8661899535230119
-1.1676384648477025
-0.5242703600542585
0.2117104198536863
0.16463773638861443
0.7990462940270465
1.3822362797650243
0.4407717785193852
0.6557717659916679
-0.5191410016401498
-0.9991048802204745
0.26115601653431403
-0.10128141505757547
1.1479120677174512
0.05120035925652996
0.1464787479675116
0.5765930870668875
-0.42893865063570125
-1.1769073191540829
-1.448042619273407
-0.99597467056847
0.057634211696359086
-0.40259619206371655
0.7704273681744468
0.04573950290780693
0.4896874493671607
0.5315146916256103
0.059680076608976784
-0.08017811245728483
0.19967593732010602
0.43918795554212436
-0.03555653835234411
0.34276258290056455
-0.7762553465260693
-1.1985495749176234
0.4021136500173941
-0.0039055930011677783
0.5570088476808319
0.8065276433483426
0.0017642669142501736
-0.7928630148517645
-0.9654535266137126
-0.15382845048339402
0.20014738714566377
1.297579868314196
1.4969796368545745
0.7252412315064833
-0.3191423269081972
-1.3769950618791245
-1.334386775981347
-0.5792408519706608
-0.18346067587731008
1.131425648899788
1.866693866386904
0.85338003395362
0.5101634557635565
-0.6047187548713305
-1.986742450085339
-2.329534335781762
-2.3443045741694175
-0.05824487094036521
1.7864988766990557
2.6622073395744335
2.7735361753028744
1.8200177327188876
0.25428802510911513
-0.6095700761604895
-0.8378955591230528
-1.3674272665793425
-1.8097014288634914
-1.3583181282116046
0.32130496199512354
1.7601833441881158
1.3454204337703053
0.9899541301981014
1.0224648195106687
-0.23597944959856001
-0.30905946449448973
-1.3658574844620444
-0.348656844408669
-0.07697347679662743
0.3289694059291016
0.7056872074176883
-0.10983625861389214
0.4161027300372378
0.3615102460907888
-1.0084536386083718
0.05706474768873566
-1.135547524408169
-0.7992471962000821
0.4074385548189953
-0.2244104349243115
1.3246825583252053
1.1114444562234689
0.7998681786534436
0.9620585329718493
-0.5923604807404375
-0.7636671833091015
-0.7186501685388524
-0.7573745220184522
-0.3949425916504115
0.2352346693185439
0.39547707501158785
0.7327163665642583
1.0162373878670383
-0.366529446789669
-0.7096533950821594
-0.6439434358344139
-1.4641362217743712
-0.03318453272353648
0.0752813082943067
0.7896666816840746
0.2899394278414851
0.6278505569039013
-0.6099922507629703
-0.8817800641855463
-1.4839536459100033
-1.0711852493923737
0.500592561633124
0.6901432169258471
0.40862651892858914
1.1493679686118796
-0.4383375577112047
-0.6522193772818478
-1.423734017301144
-1.1448604999454435
-0.25166058973310484
0.7819825929873944
1.7921544646582797
1.5115285351125174
0.9635365641345287
0.45944602311365695
-0.27697757090920794
-1.7514703547626105
-1.7396302976964646
-2.082424330750445
-1.039612573103217
0.3111015843467866
1.3446935476628765
