0.27704314637654787
-0.7511232963583284
-1.3567251846427053
-1.2217661803270423
0.009767752810361761
-0.527296199772332
-1.262994768795395
-0.5927636016252988
-0.7340614465070103
0.023795384528332637
-0.9038939406474908
-1.525959551962818
-0.08168365335118832
-1.1773236496742465
0.5566001067113264
0.30207794493070567
0.6777767525727402
0.21493220494495335
-0.18552466919188865
-1.0978592591401177
0.25318640115051166
-0.30233979440905007
0.5170323285373557
1.9448252867827929
2.080714209335374
1.0135195658720424
1.0882543777305167
0.6305332299256939
-0.13485131656021013
0.2606146431387045
-1.565480825234429
-1.3767838632682308
-1.8691285353901708
-1.1583825022613377
0.006515121222006562
0.30410277020516624
-0.006236959240604698
-0.44520097109372453
-0.29465471651945147
0.664533962727045
-0.7652024753658677
0.6156910057014258
0.13236653621087283
0.20121279586261415
0.7426386609491523
0.4772872929182632
-0.9279302511259174
-1.0455314987707023
0.5799117987767343
-0.47876560410922003
-1.260978909132282
-0.7731835823280603
0.7890816661565738
0.28980182036421726
-0.3011480457302136
-1.0735905582260488
0.1677334731472085
0.10050631080110715
-1.0339882710589863
0.43265436998599055
0.7172561189581148
0.5477994155200954
1.373292201140748
-0.7578696437491594
-1.5468835215656844
-2.0047071691354117
-1.2085521905160486
-1.6764797258957764
-0.869232518761516
-1.1234387237320287
-0.3047047693699153
0.9369333702842193
0.7133406302313879
-0.2518556323412314
-0.7658164896060532
-1.9480279278149215
-0.2749160004647959
0.37550666587109055
0.2772458767968062
0.7528628868014644
-0.29907125914779026
-0.9984022067670246
-1.412555480856264
-0.2108647274883661
-0.8464941426276329
-0.695088365244605
1.0467116531739873
-0.809464398402183
-0.6389861762209044
0.2247040599690512
-1.1636017556211193
0.512158470435752
1.0257791862186623
-0.47143971720657746
-0.9992890245119466
-0.030549294012998128
0.825807209227627
1.0301903556789012
2.079115776893067
1.432219994991964
0.1947656936256938
-1.1719775634412626
-1.2253988834542795
0.09301278129911987
-1.1236128725525458
0.14226253198920188
0.8685434679025418
-0.25009818544456264
-0.5854771285515168
-1.017991166130936
-2.0093503921122324
0.045020129813514845
-1.0320580021227164
-1.6112655304691514
0.36104418268299326
0.676074421286123
-0.4379560356471078
0.41153325534840224
0.9540473697908344
0.20954597432445096
0.9512201717317431
-0.3265961133479349
-1.7147644730696014
0.33665330235288843
-1.5288741146595544
0.36563388670608754
-0.49436011752139186
-0.6690323597293913
-0.9295006262497444
0.44788151616147787
0.5408718598460323
-0.03010895863849143
0.13450838414970223
-0.03495213496978943
-0.8953024665486708
0.3679620552597971
0.6255641579531385
-1.0509647512416846
1.0680498737693123
1.4933564404629642
-0.35589491995425876
1.4081330517956132
0.748085282938598
1.2560561167026771
2.0585212235359243
1.1705564785213929
0.9819007247799749
0.37107785340999216
-1.2506248273262925
-2.1299155598290653
-0.24189974700565603
-1.2794155666411993
0.5542678800874926
-0.14172392845596632
-0.11158907869047537
0.28428349469751646
-0.8353008862172419
0.5058043419687785
0.36520244969971144
-0.7016126269009663
-0.5782924965876123
-0.30287654600092684
0.2655948330832775
0.6455060584441895
0.8169728180303037
-0.4964658862757612
0.17537707860404508
-0.9244706367109374
-1.0072453370934147
-0.03595713866206868
0.1153332527239781
1.2171745379936207
-0.1533057363818363
0.5808914894651683
0.6704078451739656
-0.3258611641206184
-0.9354360532150877
0.23074876619285634
-0.27989546123376335
0.3064776738564292
1.6395124129427538
1.4308448686963855
1.6605357587129208
1.1100062776554542
-0.4039061945731081
-0.36075877417840096
0.21871807343448077
0.5651286673492955
-0.4850573952795582
-0.960755051843289
-0.31981706488435496
0.7754991708403695
1.0801049898395878
0.7767361471598996
0.560618181479697
-0.8070394278684664
-1.7449326408507368
-1.9832225943713542
-0.5174934997399722
-0.5761673675959323
0.404253876235031
0.12823820492052457
-0.1061316629785086
-1.0079115244272763
-0.4586192764984177
0.24268671625267527
-0.5946534905247188
-0.17673506926562757
0.7383527243293478
0.998710705926733
1.6255365022884514
1.9337393829600706
1.5858424230747996
-0.3475076461078123
-2.0301525826987454
-0.261498105133781
-1.470373648859019
-0.26520950762975415
0.590594874487887
0.011934753521020783
-0.044429887879080955
0.06112638730972149
0.5924536391504823
1.1214793859754497
0.8699569684493167
-0.8068381904748381
-1.7835488140170612
0.09880747134400686
1.0681444035010421
1.4383254523491544
-0.0782388738113625
-1.2938005268335495
-1.7559373552213624
-0.02762903637077899
-0.8527754625723256
0.13205593198930296
0.996233615418261
1.72746519218995
0.6536056608241458
1.0684410493202678
0.02551398685790086
0.057985653556364314
0.35081908656076016
-0.31929277176660315
-1.177749926546614
-0.6203192045632241
-0.9762068193192162
-1.566297285149724
-1.3862555058610215
-0.24122802870092785
1.0804198722529768
0.16686054983342716
1.6754750254297783
2.2502672484245814
1.2639952681786955
-0.7280414244345507
-1.6620434552825407
-0.36588564597073703
-1.867256904545797
-0.04970916351234756
1.5512626891472836
2.197713519762877
1.7886485438952255
2.0002827373727214
-0.23715366269054944
-1.261561270061412
-0.11665485392960083
-1.2074300626069352
-0.5413775395950192
0.4581270566638822
0.2016142177342515
-0.9293881076924316
-0.18055985622087464
-1.3221198036634552
-1.6167735889277763
-0.9102774345694616
-0.19796607585982395
1.5677761661724428
0.5724693146411809
1.2608961000647434
1.8345715293006197
-0.46539725092469303
0.6856318023242601
0.08451315286499614
0.6832968535559035
1.4680561970332504
-0.7087795425767904
-0.1704375290539844
-1.0023924856944337
-1.8656699700752586
0.505397596825854
-0.25689085672134404
-0.3423022063347689
1.3344222431454091
1.0055494923505293
-0.2866944947674128
0.37458543485137313
-0.12437750246460597
0.7688012172371148
-0.44930626279080815
0.5514789026139244
-0.3849281844971303
0.5141977953245611
-0.9293789557812221
-1.9752623069188942
-1.0804647241685563
-1.0582598995565742
-0.9203554520047675
0.6508693790586445
1.7096713253618556
2.113382482485686
1.7584215889453094
0.40957416210429665
-0.9577023385986099
-2.319063651120412
-1.9225034876582443
-0.5317768091630714
-0.6874292321691136
-0.43639180941394345
-0.6463631263874866
1.0129100216330353
2.018230040006553
1.8316222254492431
0.24467534615489198
0.7077744996873783
0.4791930323109148
-0.2971968478707647
0.9599528654616815
-0.9947765315741944
-0.38423259209052246
0.6086109452385092
-0.9366009879004845
1.0824437995513136
0.9908710912339869
0.020388009141827156
0.3205884531124265
-0.5479516590685456
-0.5083947067940888
0.7681994537973332
1.63650862771123
1.7187954873089346
-0.16811538956782154
-0.6489983811581101
-1.5217463406470095
-2.2688243254821923
-2.1965714577437443
-0.48156014719968393
0.3982049603972174
2.159331267452506
2.5137192341436156
1.9900439614166123
1.770099277566835
0.290851235235089
-1.82617233851921
-1.1168455070445762
-0.9911120183925778
-0.052826321799829684
0.2570794292575372
-0.7185032660310074
1.1825258336379232
-0.2009857933378015
0.34844284719000124
1.0492883724706932
1.2634566808756735
0.8893817177943324
-0.0669124523976929
0.8970892173640118
-0.9873102823861108
0.24681513992992052
-0.0478310190118691
0.6637322876668
1.7777582526466789
0.6061553980429343
0.6644032541459424
1.270941103701616
-0.3858893444414711
-0.33026605843050527
-0.7010719837777253
-1.0765044793746579
-1.8138263226454627
0.3749960272696372
-0.5545026706072652
0.8191567856096519
1.7150267343871812
-0.10034242362490595
-1.2301926843613697
-1.4635569004391977
-0.9573927722934453
0.9000700296112574
0.9322130468625006
0.2873707182446992
0.66559329429931
-1.2111919415559638
0.045916401390321146
0.28647387187713796
-0.28769580486610247
-0.8761904715198452
0.6568123659296734
1.0156548465730462
-0.8322881003114584
-0.9542821856569144
0.02526735547071377
-0.6329387324693886
-1.4458886037878618
-1.173004184712694
-1.876120614139539
-0.5170743796559368
1.0854354625890537
0.9011362665073848
0.6761373385428113
-0.04858346757766018
-1.6005147415581906
0.017418284438397456
1.0417980972458463
0.18084764026944122
1.7037522490029493
2.03386562514658
0.3458793588541935
-0.15356765014382429
-1.4150235401785143
-0.3218979268349926
0.2596388202513424
0.7493234293027481
1.2217358331658443
0.3378226951339945
0.022576897286026163
0.1471246195289255
0.8208799348195918
0.42877927185447223
1.223614111989509
-0.25719545386541165
-0.37674746757791133
0.6136754729478919
-0.7301573323816172
0.9704888743475931
1.7149160546924944
0.26465955631497157
0.04807700590902322
-0.2235972157387418
0.6535517826117128
1.5575024336070087
0.2805417974198129
0.07195145001529465
-1.4222243856068484
-1.371158376734823
0.21399425543111508
1.2351799181658156
-0.2164419270922938
-0.6588869549499018
0.12003053265594152
0.3574382228444461
-0.4531386257282033
-1.3601352111951142
-1.7362194513009053
-1.114504149346281
-0.27944770271930197
1.187907281966528
0.06778741691278693
-1.0415830761414053
-0.3153851799942509
-1.7700790430071922
-1.742577871853772
-0.3418521093886014
1.015405669273806
0.7183301985092584
1.9784715338871781
1.5659796419280207
-0.3526154528941797
0.6862444113127661
0.18669462734785272
0.816576996494031
0.359203243454223
1.224027805465491
0.9397316546019612
-0.9058845874116314
-0.7000683059241196
0.13794103178360406
-0.7637105068759239
1.1958447497227902
1.5599357732707608
1.7580145877002997
2.112370645392893
1.865458753710374
1.1951217115381336
-0.04435259411660817
-0.030185619190099496
0.0050753215768855895
-0.7930284231988636
-0.32019855827644117
0.7332195967725854
-0.49540992215327634
0.1145481184004477
-0.4762776894184864
0.7533718459806678
1.08384621638991
-0.4303222956873039
-1.2344039091067778
-1.048325564385233
-2.008200034352058
-1.76483562765347
