-0.042739483387217586
-1.1858212839457922
1.4617501292226067
0.4764301550499067
0.7877738601356847
0.252530841972093
-1.1718403767111485
-1.1833357970443201
0.5702508332473446
1.188895443990242
-0.9172505165920647
0.5599814092421145
1.4452420337626644
1.540102770134293
0.321377185104448
-0.585089038216924
-0.42263777735338665
0.7455174701476068
-0.025190053183820452
1.0851753022353674
0.7686035865518156
-0.3938951051549232
-0.5983393340586842
0.7290683042440537
-1.558565549584924
-1.091786900310186
0.6549669841566441
-1.5223798870307843
0.6498590421053848
0.4765623853369506
1.1162970714990463
-0.1655277112325661
0.9432953478218855
-0.1401349280863076
-1.0930927633075938
1.2946757595938385
0.8988031937025316
0.2055669105213267
-2.039424403855261
0.9913431052563565
0.39730629170417264
0.7147899572517231
-1.7296489503622372
1.400594114415832
-1.8205349459377485
1.762378703352309
0.3778227008515077
1.889819981906448
-0.16571671947624572
1.3522646445036137
-0.9227954914603749
-0.07032815333750486
-1.390229354274006
1.1494475665566484
-1.5653848092566838
-0.8790466319916195
-1.2333385018143874
0.49800608755272274
-1.461882094394568
-0.9525505719644262
-0.45954299892591416
-0.3576157747662939
0.5469639545152992
-2.054338844280729
0.3465133771720673
0.17597454548503552
-0.6380619986551849
0.4819975279394147
-0.7819784369844276
1.2952620380682855
0.6217850992537686
0.3165109905089729
0.485633383337379
1.5647728567368249
1.4668287884591964
0.8669062272205527
-1.0655109389501705
1.0081439161742762
0.5335077636539498
-1.0815678658822352
-0.5908101657395892
-0.5231081506863763
1.3178779570196988
-0.8654976282268705
-0.2627108400010982
1.0724356495659777
1.1001013631364005
-0.010217945446652263
-0.3659229976903629
-1.036948767170794
-0.6430574300576849
0.10442052148194021
0.8660093783444669
-1.35153697179726
-0.7690201474121428
1.2778688065413146
0.6232977431361434
-2.9672963762313827e-06
0.3250572200229274
-0.8979376574036795
-1.1997533919497583
-0.020418088696825924
0.6042016614071752
-0.19930467403134658
0.37970628776119403
-0.8158526462150006
0.7608334944399033
-1.741658776470805
1.958034972879205
-2.1663681943145114
-0.6554397653477286
-2.015417300159737
-0.006817721970951948
0.9574841532319173
-0.33219413149883925
-1.1803678297824398
-0.1175308168038608
0.8980287120602405
-0.8179022788042364
-0.4318513628538447
-0.26826395817929544
0.17556532364807256
-0.3596349409101786
0.3332311737169498
-0.5678456234264837
1.1579280656675415
-0.3831835835911
0.9868082521135032
-0.07561076676310638
0.23212587085558645
-1.1491494516869574
0.8536725111656329
-0.10861241818702001
-1.132914151652389
-0.14482265997972832
-0.05690802604922244
-0.9809109653171448
-0.3080630841070129
-0.9478413824935101
1.519073253340373
0.5871774400828628
-0.0641884209429163
1.0144661063690137
1.7544780315947948
-0.2901279379784831
1.1381527116788064
-0.7279084793350212
-0.6840174667688902
1.3524200932783728
1.6402698638494928
-0.9993295702002621
0.7831005094319718
-0.44429138027489
1.4862762277611545
-1.7349115166852482
1.3257408320478092
-1.3767399371711677
-0.12040028939127137
-0.9135292669008056
0.08839265396478926
-0.511538772327266
0.18163992719724464
1.1840731488539666
0.48661016943137964
-1.6356304344242547
-0.8468284664762131
2.027281323078353
-0.3657819808189613
-0.6218490638812834
-0.5999917909552572
1.2173748585104056
-1.9843897570726234
-1.2773938643946614
-0.9693325281418947
1.9374071063109866
-0.9810082361058728
-0.3954893265072303
0.33933267476218
-0.7115330136402982
-0.46183532930699267
-0.07503967947416108
-0.07520065001627525
-0.026223751259479986
-0.826892604779385
-0.6955089415627635
0.8388852512011093
-1.2848789799377522
-1.4479026606406922
0.5426899263067616
0.3882010259631298
1.0698976838442098
-0.19657416575608508
-0.39119588764156615
1.2139044682920423
0.23501724260311221
-0.6349472438131295
-1.64434114717035
-0.09627611701581543
0.1714023214103894
0.039474696302639826
1.0152234838760599
-0.12400674280714431
0.08432027546277916
0.35336004618140804
-0.33150034877602413
-0.1900099757993855
0.5570570875729574
0.2328569122632301
0.009613048253982324
-1.519857776727839
1.4628977227245936
0.10740193634755515
0.6677629740946368
0.37783552512268626
0.5604880036119521
-1.2499020627765798
-0.1282146325788278
-1.2316716562865357
0.6853417114975139
-1.4763041663960408
-1.0467995268708976
-1.6414902627227754
-0.19285397803883123
0.45288170997452626
0.6730203558182889
-0.9928821130391836
1.5859314011944217
0.5698345127031426
1.2954326974351498
-1.0843411080173022
-0.20853231435701505
-0.42855194059245055
-1.044697932397328
-0.12161013381556753
-1.667557675445279
1.1061337797290431
-1.034006908234843
-0.4788302334700153
0.7598165107419788
-0.8142548972671201
-0.9927479502907239
1.328687856420394
0.0011561897830776558
-0.8751513856721794
0.36188719655549495
-0.19080779483828858
-0.5582044810941751
-1.3452916822255452
-0.37179809438895983
1.623663300153533
-1.776289887910227
1.0061176761366226
0.4874077322053376
-0.5303804635583904
0.4043087277620511
0.1554047027387724
0.5632247411887268
0.2636523149299278
-0.9874442729534854
-0.6646792395597181
0.6912443426430172
0.36210700070931157
0.21069724752181698
-1.722550538298423
0.1499383998319097
-1.4797827497387424
1.3356676584651632
-2.0547696280989785
-0.952695590911473
-0.21733899303965984
0.640022211189808
0.036350218027966626
-1.0127232609928465
1.5974162257263034
1.0237983639206927
0.8391893885660439
-1.3262211370533885
1.2485457439828536
-0.7618823047864
-0.07699457854930866
-1.4752350374123169
2.2036947384523096
0.477274213415024
-0.5369653801449656
1.090863547451991
1.0368028095056285
0.07028977612865635
-0.3577424970477093
-0.8686335818140812
1.548406683635473
1.0826934461259234
1.2121703869268217
0.987354631643255
0.189134137460915
1.6764067756753471
1.075583015101178
-0.52245663306131
1.665477916470688
1.2377041470213883
1.1564907729564815
0.06248769461468878
-1.10919214436816
-0.7547442168388001
1.3594781761816934
-1.863596317790972
0.08416528523809873
-0.8688646708424536
0.8838576051383111
-1.9620713855304786
1.134137803707045
0.1526805645769517
1.3954037862803859
0.6894243010083526
-0.4188532082543057
-0.5112950937777775
1.6884032447470216
-0.6082919927766446
1.1414519367785885
-0.940919539261524
0.8088516389923565
1.2463914810814978
0.4947227605998519
0.25728487668176264
0.6853313557678621
1.2594358595779136
0.8789433911199376
1.350284098866866
-0.8865566191418247
0.5974074693636553
1.2319662201692692
1.6130991695853079
-1.0039661028671751
-0.9194527907656534
0.3469038250798112
1.8818391543521376
-1.2718617048378447
0.8898159956753664
1.1474086890840658
0.8559667591810823
0.3553223643358185
-0.47443457047989734
1.7086736657404877
1.0936092303756417
1.4682392070897985
-0.33047582183384366
-0.34688154439424895
0.08940675573907118
-1.1619556623823455
-0.2441614365319444
-0.45394458568108226
1.667946705959143
-1.4706277391110825
-0.3008526781290241
-1.4681810903486379
1.0551350270903328
-1.2720293933974876
-1.2947726961779245
0.9260544560649893
1.3219350693145517
0.20028187490013094
0.7299113383451267
1.335178239267291
-0.0841413610353087
1.527437236487961
-0.8073101016557129
0.9421403197155834
-1.1259155464412953
-0.9061472244727439
1.1492885818218046
0.2188651757624993
0.0194586216060657
-1.5089386790192556
1.2983249620792763
-1.6181568753628677
1.3508904033061016
-1.3615481701355268
0.2209612860360214
-1.5715853834505702
0.5140554621669674
-1.4766167971302646
1.3260700704549064
-0.9184453746213729
-0.5944054279009305
-1.2065660565676253
0.059509969820221435
0.9599361264722113
-2.0213124805408973
-0.7542623277419708
-0.6328563393471905
-0.043811548738275766
0.38498106686976724
-0.07364287440062885
-0.3694220198623299
-0.6511573507452756
1.4197910966921963
0.42174721310316654
0.19661026847984
1.1894244220833372
0.23097169232395254
0.8156382758867592
1.130024283104161
1.2982739670514705
-0.3011666295798647
1.572576055795323
-0.527472488478696
1.6266305980684275
-1.0364454853768275
0.7998458193970762
1.2668116921954502
-0.4440394519172449
0.5189493785088654
-0.8490287801728628
0.3027644108419979
-1.4318890006522789
-0.8976215495677332
1.4110492953550406
-1.144743841559511
-1.014900411244618
0.31790049595013603
-0.6936221964734823
-1.7575905357905772
1.3141312818695028
0.015678676824393452
-0.31605111020172966
0.8787241806261188
0.6849069040280044
-1.3362122095967925
1.678237552141236
0.3498570946026264
0.3589255250535371
-0.6315029297950557
1.3177779614660101
-0.9713502208242658
-0.27933182633173964
1.4705546033504644
-1.0178722926725687
0.20047659878170887
0.8840799999475896
1.2865344258619968
-1.6304657083194412
-0.5320453011690637
0.08138262100691851
0.11610097476889601
-1.5960472409068112
-0.9197623655906187
1.5732562339250555
-0.565467878064337
-0.7467083987624368
1.4050956386145377
0.23443466915314135
0.8719206298962621
-1.9497993716222604
0.8873450984528161
1.0006808367208522
-1.181117950719383
-0.5425954016893025
-1.2219334342231618
2.014670771107617
-1.3032191858787125
0.27075940758305217
-1.1627910141052962
-0.5971012862532876
-1.5116126496642481
0.42700078556145266
0.5602351683270541
-0.8149313210914279
-1.2277902584564993
-0.2596244261408555
1.097008572558787
-1.180035293497095
-0.5387961602954099
0.16939993592844377
0.39971682218135074
-0.446888556402847
-0.5716069873791174
1.3684153399582066
0.9067387869560273
-1.8412052008893212
-1.4686639323950492
-0.6009773579617597
0.843313731391246
0.04621882635895333
-1.93828680083679
1.4223902356626745
0.4830092258357244
0.07164278284502477
-1.8498407924999516
-0.7958187966944265
-1.1198430196891207
-0.26092203695072935
0.1922757451212039
0.09832031432429726
-1.7065515038896104
0.29030351919007574
0.13674488437923166
-0.22083966002004335
-1.3756500447390705
-0.8035654723760496
1.1384314651561491
0.15656118369040922
