-0.7359160350568332
-0.5890953686012057
-0.2524691724525117
-0.04106989009218777
-0.5194506890676595
-0.8864794556193466
0.16522173301995075
-1.1668751620574631
0.4872839435480018
1.3218821481435514
0.3210961010352576
1.9104791764344171
-0.827230061175819
0.13400531563440807
-0.9603722672245203
-1.1170761325184015
1.387335381395521
0.3379225226640922
-0.8769843216129289
0.5944794577567053
-0.5452456759204145
-0.980195624945038
1.0871430127267268
-0.7292453324616205
0.6322895483457219
1.8482949412922445
0.3494622188503972
1.2405657815064797
1.2898748472996133
-0.634799256955028
-0.8512073762792287
-0.596204416418562
-1.9775985588267615
0.7783619808077367
0.22355732725480065
-0.7880658100428358
-0.4501849724605443
0.01495568034412708
-0.398714685674511
-0.5901656097940735
-1.1715442310284427
0.5748137025612698
1.5105627409380533
-0.11556676889666254
0.2332199298816044
-1.0305861753589787
-0.04092701903475775
1.018866004912765
-0.4293588640874719
1.1061586006387372
0.9650071928031166
0.3934428278435432
-0.04172554239911306
-1.8077460067657993
-0.46139799744720195
0.3653553643796618
0.2719833685342502
1.5632403858600556
0.6443602934545098
0.8012309746666897
1.3094595150266763
0.404486690088122
-0.4057924387590869
-1.840303653163368
-2.1188164820120403
0.36016012623636134
0.40355498088312136
0.6817530910347739
2.171511017716573
1.01302247394576
1.3018694502840575
-1.2800622677640345
-1.8544962273964136
-0.9742763294250962
-0.634985546207562
1.6198089419750672
0.47818297025099993
1.3790104536253098
0.6836166754690087
-0.607404778676452
-0.0057978536525306506
-1.6864227508556695
-0.5683575319960509
1.3829840290851316
0.6056673218362094
-0.27775807016158155
1.0477827774646338
-0.5920913217375665
0.9337169032858759
-0.31724882401294924
0.5674532049028703
1.1874547553775578
-0.7472137339372883
-0.870795493729413
0.30938610389289634
-1.2007464337223717
1.0788930753777732
0.6613273573170979
0.5887236991879702
0.7365469592677534
-1.5153726967131966
-0.537423434649237
-0.8351626669641915
-1.9107806969196244
-0.38073921769071944
-0.5960571276077001
-0.8844538316646908
-0.07629373221147447
-1.2474217088806894
-0.8901190597128883
0.20651916765763764
1.38079031669094
2.0537141511982067
2.0642060345664053
-0.11442562312203501
0.31663760704460236
-0.2777398640413084
-0.414018668297872
-0.39519000967211615
-1.1570176385171431
-0.8600971032492203
1.0765695532117612
-0.48818678353748207
0.9910401136871716
1.8870113740373493
0.6698444081110241
0.5455306980304163
0.4453029239040235
-1.5126012909842392
-1.7678338784598087
0.28345825553935866
-1.4402900285601727
1.2042788926961199
-0.08241435484852186
-1.2464506743265666
1.605628159487037
-1.3239579279826565
0.366485190017643
1.5775925724140196
-1.582761582381667
0.06674931264975406
0.7409397044493263
-0.6185500864878903
-0.03661156378620316
1.169690961479137
0.19034117912696433
0.377919428420052
1.2239254408343438
0.014757564642504302
-0.18830566227737278
-0.7876143934800929
-1.2309845480601653
-1.4295829190785427
-0.2220317386030154
0.7064875171458618
1.5034331041001636
0.8042865579868868
0.18122036113814813
-0.24968889015250226
-1.498479387494189
0.13876628669347738
-1.3143135308997298
-1.2006301356386053
-0.47479460374396765
1.1143098292326745
1.7101742744624515
0.30694750020542166
1.1958946377693955
-0.8714458864522108
0.07371845993239652
-0.6020812795177397
0.17679121143655996
1.2389520854695693
1.3138624575587086
-0.5247072770478487
0.8358360251574453
-1.3881086783070844
-2.0777088171336486
-0.25814654758469047
-0.7781527695748119
-0.6696246616707368
-0.30302768937529123
0.28754299599160466
0.9944011368200527
1.596545275958753
1.016416550779542
-0.6086451345040069
0.19797232418156233
-1.9745220212467172
-2.0090033113629278
0.2077505247824363
-0.2748924057502516
0.9949268185225836
0.5241752861469064
1.2283319188821813
1.2239261484956694
-1.6352032022009393
-0.038505914109056336
0.19022548085639698
-0.930638321785561
-0.11916392446434963
-0.19457986916278056
0.1622774409819747
1.061844720408046
0.7047935921017937
-0.47858633664655037
1.0872824252075186
-1.4725076400380874
-1.7005049323581842
0.9128994147775512
-1.4560335665065163
0.7878991087590718
0.0044224467358558875
-1.1783370618902107
1.3259752977206227
0.5108536854733279
-1.2830465380650928
-1.0649933931486164
-1.463430753462947
-1.4449013096476526
0.5350608795376961
-0.7360296107475892
1.6466604621891925
0.5633269694303609
0.3869893370012897
0.446225090266444
-1.827774040196055
-0.2886751516139938
-1.1884886257278093
0.8704961979436944
2.085857626286955
1.4772589742206526
1.6688170819598571
0.9556626608399255
-1.6818548887317482
-0.7233004626080404
-0.8187696699214457
-1.9234212474575427
-0.9936128720685522
0.35958539869792033
1.7622407766362052
2.337004856917017
1.996481557629953
1.100708830652417
-1.3140178070263984
-1.3751019204608255
-1.3470477336972146
-1.8596479277760323
-0.8990473843768289
-0.9296831886339469
1.1067976269509463
-0.21491602472069973
1.6455552948848813
0.32452648387736216
0.28961801982584057
-0.48611474739037996
-0.8604159502953433
-0.5772344623670596
0.8534771123050336
-0.8902179562793416
0.577110946867868
1.455642064872044
-1.1500863513781345
0.7479713953826463
-1.3011779799992107
-0.9819058526111771
-0.8542043987379526
0.20066482517252773
0.45753394366835076
1.2619886003527483
-0.18724840015347158
0.7080145203429586
0.6128022778150518
0.4305803354715025
-0.8463941179736328
-1.8461907182937631
0.1139776681281759
-0.7682664215049396
0.4295176098650978
1.297261833928784
1.375281284212703
0.8489946194296506
0.5177134623880604
-1.385958646231555
-0.28487638077145144
-0.29105501369637027
-1.7054339944226897
-0.6711870605662537
1.2509395512249586
-0.813966377042877
1.4221899202722208
0.8082259863057653
-1.0972169458607275
-0.6411087097591651
0.37350799070325924
0.9028865970529037
0.9033276882068894
0.2543609233431351
-1.5062557553802767
-0.42392820257092645
-0.44254176721628874
-1.2083684849604917
-0.27523207230526114
-0.7537551576307179
-0.9748401266345831
1.654071401329244
1.354457581921942
0.5731998126164827
0.9812981563225994
-0.9345465386425774
-2.278314546785524
-1.3345006881203443
-1.542607325051148
0.174245303830842
0.8295890422398194
1.8111387110783241
0.10186319500659137
0.03598098550155694
0.09548179577134838
-1.6680862406003294
0.10743879360643488
-0.00490059399273927
0.43382497443172413
0.9325400841767101
-0.07854617593261554
0.40103843912396875
0.37957144831285855
-0.45151263093680577
1.218652470160681
1.0573766364551613
1.2075619578467482
-0.8517808070735836
-0.6727584527185043
-0.49512522709094564
-0.6302273020530833
1.071723071804621
1.2531520287117754
1.3596335962225854
0.05498199046980381
-0.9228616473249949
-0.6780886345671188
0.45480438352538216
-0.26402218548676576
0.21586192632719045
1.4166966163826837
-0.5144431632679011
-0.7808779086260156
-0.6751255365377133
-1.1475332186946525
1.167145208774252
0.29128235698646143
-0.021362102721854216
1.6387931215516
0.5079520029439817
-0.0926961435096844
-0.05415913917170154
-0.6112093721515829
-1.0009216574867947
-1.0449665697704982
-0.25481828129699163
1.172243810260047
0.75749506536441
-0.6813236149763601
0.3900054186344438
0.06717236367652032
-0.1985434747383338
-0.4780035825440788
0.15843421572398167
-0.37974878637770854
-0.9163032249741245
0.5790479728975444
-0.3617541253951867
-0.6233488391477752
0.9353783904120059
1.0303025179134406
1.1366271864097925
1.8271677824972965
-1.3964578416580031
-2.2071008518944097
-1.649342336673692
-2.5588667160667486
-0.6184390813388347
2.111477271221614
0.12955170230955268
0.5242184263675059
-0.8208987084305931
-1.0873637138115801
0.29666638987972604
-1.4044910167562017
0.19136898446789283
-0.027954885246949338
0.5225269809011052
1.792081729043397
0.593675306472877
1.0904791173364918
-1.0764450148632632
-1.3481474345721214
0.7544247648809341
-0.3668278775532447
1.1334361433262603
0.6381801989795314
0.8428933249676253
0.17119676303690246
-1.2108174853599694
0.29094883581851144
0.96973574485067
0.7737664443297169
0.14630251139514766
-0.15395515553428496
0.7256383046128634
0.582086306879572
-0.6715311156660854
-0.4745348255833724
0.734164005992587
-0.293894133986483
0.26212003052294114
1.1670404795924259
-0.3542372047793785
0.9290516466260047
-0.6710341525422735
0.6339134192271346
-0.4406422119095527
-1.2437683588716912
-1.0364313561862348
-0.3705130317120908
-0.702401570978428
-0.3916224265295636
1.2987759418897733
1.3104340330154143
1.8716276184339395
1.1665659528864947
-1.4485446157050064
-1.6373830505663745
-0.2765118683062349
-0.23984363694826455
1.1517329896826403
0.5430246278419519
-0.20036151369801722
0.6437156835352146
-1.096683542883919
-1.847349465575956
-0.875291353446805
-1.0815856246018039
1.4969177848215192
0.4035816029684925
1.7959547795964166
1.184757304278124
-0.9369870533819907
-0.8269020399169167
-1.1218101633681374
0.3951237990649817
0.1079100571005602
-0.45981436064933545
1.1180270921312576
0.30853077580729893
-1.2126292475497764
-0.8125606118554937
-0.9221947349621719
0.16433269142757945
1.534424925705036
-0.17811739180849454
0.2411451880829853
0.4483567883756384
-0.4203375496722838
0.37694284153458374
-0.6477617895343809
0.6153549760922135
1.5939049429395866
-0.42407947302423377
-0.9318368370665384
0.26774573623087333
-1.482290995472941
-0.1328786786830594
0.3418586942770941
0.058545668311435414
2.0441003943270144
1.786530540782492
-1.043905956440752
0.4177705913337906
-0.17604681293997543
0.11824210610513614
-0.004891675755820867
-1.4231632711357312
0.9717520487019896
-0.24819981742136896
-1.2444244525513055
1.7721235685904355
0.7753519899509286
0.6644134403378198
-0.1463348536856531
-1.4403669022070784
0.17015255370615792
-0.0495541093814684
0.6037943047247705
-0.2847318951864337
0.06299013214509921
-0.08722554022692736
-1.0801826649798332
-1.277496294637478
0.18411413060165388
